0.0255322 0.0225456 1.00173
0.0044896 -0.124869 0.987595
-0.0115949 -0.243375 0.963839
-0.00983808 -0.366703 0.916054
0.016065 -0.494637 0.849276
0.0172557 -0.59212 0.780312
0.0154208 -0.701978 0.678222
0.0262934 -0.776291 0.586186
0.017529 -0.929913 0.253155
0.0285578 -0.962765 -0.0162406
0.0270157 -0.936628 0.232229
0.0316614 -0.942582 -0.197933
0.0357216 -0.912794 -0.308963
0.0358778 -0.866473 -0.427683
0.0353702 -0.773539 -0.586693
0.0326179 -0.615426 -0.763095
0.0342576 -0.534594 -0.82755
0.032657 -0.431587 -0.88939
0.036073 -0.357392 -0.924623
0.0384544 -0.294479 -0.94836
0.0392938 -0.255868 -0.962609
0.041031 -0.224656 -0.971979
0.0398598 -0.188231 -0.982012
0.0417533 -0.15495 -0.988298
0.0390205 -0.0857318 -0.996223
0.0422608 0.0374198 -1.00503
0.0414605 0.166018 -0.994993
0.0426317 0.222879 -0.989215
0.0424365 0.289813 -0.973404
0.042417 0.383939 -0.943656
0.0407968 0.448628 -0.914785
0.0411091 0.532213 -0.869928
0.0423194 0.585912 -0.838521
0.0414605 0.625499 -0.811622
0.0416557 0.713456 -0.73647
0.0421242 0.812578 -0.62952
0.0214525 0.849296 -0.577733
0.0250832 0.99794 -0.234787
0.038591 1.01996 -0.00856928
0.0466528 0.960657 0.345231
0.0306659 0.929952 0.424658
0.0261568 0.832196 0.588567
0.0227213 0.725539 0.716521
0.0225261 0.645956 0.786324
0.020496 0.588801 0.828663
0.0186806 0.555617 0.851033
0.0195786 0.483764 0.891732
0.0104237 0.437482 0.913126
0.017529 0.383373 0.935711
0.0202618 0.33877 0.951659
0.0176656 0.29891 0.965381
0.0176656 0.221552 0.983457
0.0174509 0.18708 0.989254
0.0182902 0.147513 0.994895
0.019032 0.0911194 0.999053
0.0207498 0.0329302 1.00182
