0.00843264 0.0197347 1.00214
-0.232639 0.0209254 0.968114
-0.30783 0.026879 0.941859
-0.393035 0.0233459 0.905728
-0.481773 0.0223699 0.857689
-0.560614 0.0261763 0.804224
-0.594052 0.0272109 0.776993
-0.655501 0.0264886 0.724465
-0.745215 0.0316029 0.623801
-0.79339 0.0178413 0.556847
-0.9101 0.0294362 0.324325
-0.96622 0.0313882 -0.0268595
-0.94875 0.0344723 -0.200548
-0.904557 0.0367171 -0.358504
-0.869655 0.0359754 -0.444334
-0.774144 0.0357606 -0.603656
-0.683102 0.0382982 -0.713339
-0.636664 0.0380445 -0.757532
-0.5864 0.0387082 -0.798231
-0.540704 0.0379859 -0.833387
-0.48841 0.03904 -0.86782
-0.440937 0.0388838 -0.894738
-0.401546 0.0378298 -0.913673
-0.360983 0.0395085 -0.932919
-0.320772 0.0370685 -0.948145
-0.264769 0.0389229 -0.967099
-0.226608 0.037576 -0.977386
-0.170859 0.0388838 -0.987478
-0.122839 0.040055 -0.995461
-0.0822573 0.0378493 -1.00079
0.0155184 0.0389619 -1.00551
0.0281088 0.036639 -1.00602
0.204531 0.0355459 -0.987556
0.287725 0.0342186 -0.969519
0.369084 0.0334768 -0.944183
0.467133 0.0329498 -0.898252
0.554056 0.032169 -0.849159
0.64213 0.0304512 -0.783025
0.725266 0.0304512 -0.709767
0.820777 0.0410896 -0.591261
0.971959 0.0260006 -0.300803
1.00071 0.0298461 -0.156726
1.01625 0.0234826 0.0163968
0.992631 0.0273866 0.221123
0.954274 0.0227213 0.362135
0.80887 0.0208278 0.621946
0.693058 0.021472 0.74869
0.616949 0.0195981 0.808733
0.565982 0.021023 0.845001
0.520794 0.0212963 0.87432
0.424228 0.0204179 0.921969
0.379039 0.0206522 0.940064
0.310739 0.0193834 0.962863
0.243629 0.0191686 0.978362
0.194165 0.0210035 0.988766
0.195161 0.0202227 0.988258
0.139002 0.0201056 0.996301
0.110659 0.0220186 0.993919
0.0230141 0.0227994 1.00311
