-0.965733 0.0371075 -0.0113606
-0.963917 0.00154208 -0.011185
-0.941899 -0.177652 -0.00895968
-0.920758 -0.257918 -0.00815936
-0.868171 -0.387492 -0.00191296
-0.830108 -0.463893 -0.0570765
-0.776174 -0.548219 -0.00581696
-0.629013 -0.712734 -0.00484096
-0.549273 -0.774846 -0.00392352
-0.416166 -0.857514 -0.00962336
-0.360046 -0.882148 -0.0050752
-0.338555 -0.891615 -0.00651968
-0.261431 -0.917518 -0.001464
-0.182278 -0.938561 -0.00648064
-0.143745 -0.948223 -0.00304512
0.0176266 -0.961692 0.0154598
0.134024 -0.955504 -0.00698816
0.279722 -0.929445 -0.0056608
0.598308 -0.781542 0.006832
0.706292 -0.692823 0.010287
0.769869 -0.627841 0.00786656
0.804985 -0.583843 0.00798368
0.843908 -0.534828 0.00720288
0.88451 -0.465298 0.00825696
0.914864 -0.414 0.00843264
0.940356 -0.361627 0.0075152
0.960072 -0.30742 0.00730048
0.979494 -0.247748 0.00796416
0.991558 -0.196215 0.012239
1.00194 -0.146908 0.0121805
1.01379 -0.00558272 0.0276403
1.01809 0.0263715 0.0134688
1.0005 0.221493 0.0157526
0.980919 0.306386 0.0111459
0.943421 0.421749 -0.00130784
0.890659 0.525147 0.0089792
0.84873 0.593213 0.00665632
0.834343 0.61771 0.0086864
0.788452 0.674572 0.00394304
0.720737 0.744122 0.00132736
0.22489 1.00147 -0.0105408
0.180619 1.01084 -0.00798368
0.159029 1.01313 -0.00827648
0.135371 1.01688 -0.011185
0.0276989 1.02187 -0.00587552
-0.0850682 1.01574 -0.00521184
-0.153993 1.00671 -0.0128246
-0.250481 0.986873 -0.0155184
-0.465884 0.895753 -0.0117315
-0.62503 0.784333 -0.00677344
-0.710528 0.698679 -0.011751
-0.750934 0.65433 -0.0114387
-0.786558 0.604359 -0.0143667
-0.836549 0.524795 -0.0159869
-0.862667 0.475039 -0.0145034
-0.887984 0.420246 -0.0142886
-0.906294 0.372793 -0.0107946
-0.929581 0.298051 -0.010697
-0.943948 0.241677 -0.0220966
-0.942289 0.252023 -0.0147376
-0.958588 0.155887 -0.013176
-0.96542 0.0787632 -0.0128637
-0.971764 0.0396451 -0.012161
