0.0255322 0.0225456 1.00173
0.0044896 -0.124869 0.987595
-0.0115949 -0.243375 0.963839
-0.00983808 -0.366703 0.916054
0.016065 -0.494637 0.849276
0.0172557 -0.59212 0.780312
0.0154208 -0.701978 0.678222
0.0262934 -0.776291 0.586186
0.017529 -0.929913 0.253155
0.0285578 -0.962765 -0.0162406
0.0270157 -0.936628 0.232229
0.0316614 -0.942582 -0.197933
0.0357216 -0.912794 -0.308963
0.0358778 -0.866473 -0.427683
0.0353702 -0.773539 -0.586693
0.0326179 -0.615426 -0.763095
0.0342576 -0.534594 -0.82755
0.032657 -0.431587 -0.88939
0.036073 -0.357392 -0.924623
0.0384544 -0.294479 -0.94836
0.0392938 -0.255868 -0.962609
0.041031 -0.224656 -0.971979
0.0398598 -0.188231 -0.982012
0.0417533 -0.15495 -0.988298
0.0390205 -0.0857318 -0.996223
0.0422608 0.0374198 -1.00503
0.0414605 0.166018 -0.994993
0.0426317 0.222879 -0.989215
0.0424365 0.289813 -0.973404
0.042417 0.383939 -0.943656
0.0407968 0.448628 -0.914785
0.0411091 0.532213 -0.869928
0.0423194 0.585912 -0.838521
0.0414605 0.625499 -0.811622
0.0416557 0.713456 -0.73647
0.0421242 0.812578 -0.62952
0.0214525 0.849296 -0.577733
0.0250832 0.99794 -0.234787
0.038591 1.01996 -0.00856928
0.0466528 0.960657 0.345231
0.0306659 0.929952 0.424658
0.0261568 0.832196 0.588567
0.0227213 0.725539 0.716521
0.0225261 0.645956 0.786324
0.020496 0.588801 0.828663
0.0186806 0.555617 0.851033
0.0195786 0.483764 0.891732
0.0104237 0.437482 0.913126
0.017529 0.383373 0.935711
0.0202618 0.33877 0.951659
0.0176656 0.29891 0.965381
0.0176656 0.221552 0.983457
0.0174509 0.18708 0.989254
0.0182902 0.147513 0.994895
0.019032 0.0911194 0.999053
0.0207498 0.0329302 1.00182
0.00843264 0.0197347 1.00214
-0.232639 0.0209254 0.968114
-0.30783 0.026879 0.941859
-0.393035 0.0233459 0.905728
-0.481773 0.0223699 0.857689
-0.560614 0.0261763 0.804224
-0.594052 0.0272109 0.776993
-0.655501 0.0264886 0.724465
-0.745215 0.0316029 0.623801
-0.79339 0.0178413 0.556847
-0.9101 0.0294362 0.324325
-0.96622 0.0313882 -0.0268595
-0.94875 0.0344723 -0.200548
-0.904557 0.0367171 -0.358504
-0.869655 0.0359754 -0.444334
-0.774144 0.0357606 -0.603656
-0.683102 0.0382982 -0.713339
-0.636664 0.0380445 -0.757532
-0.5864 0.0387082 -0.798231
-0.540704 0.0379859 -0.833387
-0.48841 0.03904 -0.86782
-0.440937 0.0388838 -0.894738
-0.401546 0.0378298 -0.913673
-0.360983 0.0395085 -0.932919
-0.320772 0.0370685 -0.948145
-0.264769 0.0389229 -0.967099
-0.226608 0.037576 -0.977386
-0.170859 0.0388838 -0.987478
-0.122839 0.040055 -0.995461
-0.0822573 0.0378493 -1.00079
0.0155184 0.0389619 -1.00551
0.0281088 0.036639 -1.00602
0.204531 0.0355459 -0.987556
0.287725 0.0342186 -0.969519
0.369084 0.0334768 -0.944183
0.467133 0.0329498 -0.898252
0.554056 0.032169 -0.849159
0.64213 0.0304512 -0.783025
0.725266 0.0304512 -0.709767
0.820777 0.0410896 -0.591261
0.971959 0.0260006 -0.300803
1.00071 0.0298461 -0.156726
1.01625 0.0234826 0.0163968
0.992631 0.0273866 0.221123
0.954274 0.0227213 0.362135
0.80887 0.0208278 0.621946
0.693058 0.021472 0.74869
0.616949 0.0195981 0.808733
0.565982 0.021023 0.845001
0.520794 0.0212963 0.87432
0.424228 0.0204179 0.921969
0.379039 0.0206522 0.940064
0.310739 0.0193834 0.962863
0.243629 0.0191686 0.978362
0.194165 0.0210035 0.988766
0.195161 0.0202227 0.988258
0.139002 0.0201056 0.996301
0.110659 0.0220186 0.993919
0.0230141 0.0227994 1.00311
-0.965733 0.0371075 -0.0113606
-0.963917 0.00154208 -0.011185
-0.941899 -0.177652 -0.00895968
-0.920758 -0.257918 -0.00815936
-0.868171 -0.387492 -0.00191296
-0.830108 -0.463893 -0.0570765
-0.776174 -0.548219 -0.00581696
-0.629013 -0.712734 -0.00484096
-0.549273 -0.774846 -0.00392352
-0.416166 -0.857514 -0.00962336
-0.360046 -0.882148 -0.0050752
-0.338555 -0.891615 -0.00651968
-0.261431 -0.917518 -0.001464
-0.182278 -0.938561 -0.00648064
-0.143745 -0.948223 -0.00304512
0.0176266 -0.961692 0.0154598
0.134024 -0.955504 -0.00698816
0.279722 -0.929445 -0.0056608
0.598308 -0.781542 0.006832
0.706292 -0.692823 0.010287
0.769869 -0.627841 0.00786656
0.804985 -0.583843 0.00798368
0.843908 -0.534828 0.00720288
0.88451 -0.465298 0.00825696
0.914864 -0.414 0.00843264
0.940356 -0.361627 0.0075152
0.960072 -0.30742 0.00730048
0.979494 -0.247748 0.00796416
0.991558 -0.196215 0.012239
1.00194 -0.146908 0.0121805
1.01379 -0.00558272 0.0276403
1.01809 0.0263715 0.0134688
1.0005 0.221493 0.0157526
0.980919 0.306386 0.0111459
0.943421 0.421749 -0.00130784
0.890659 0.525147 0.0089792
0.84873 0.593213 0.00665632
0.834343 0.61771 0.0086864
0.788452 0.674572 0.00394304
0.720737 0.744122 0.00132736
0.22489 1.00147 -0.0105408
0.180619 1.01084 -0.00798368
0.159029 1.01313 -0.00827648
0.135371 1.01688 -0.011185
0.0276989 1.02187 -0.00587552
-0.0850682 1.01574 -0.00521184
-0.153993 1.00671 -0.0128246
-0.250481 0.986873 -0.0155184
-0.465884 0.895753 -0.0117315
-0.62503 0.784333 -0.00677344
-0.710528 0.698679 -0.011751
-0.750934 0.65433 -0.0114387
-0.786558 0.604359 -0.0143667
-0.836549 0.524795 -0.0159869
-0.862667 0.475039 -0.0145034
-0.887984 0.420246 -0.0142886
-0.906294 0.372793 -0.0107946
-0.929581 0.298051 -0.010697
-0.943948 0.241677 -0.0220966
-0.942289 0.252023 -0.0147376
-0.958588 0.155887 -0.013176
-0.96542 0.0787632 -0.0128637
-0.971764 0.0396451 -0.012161
